/*--------------------------------*- C++ -*----------------------------------*\
| =========                 |                                                 |
| \\      /  F ield         | OpenFOAM: The Open Source CFD Toolbox           |
|  \\    /   O peration     | Version:  v2012                                 |
|   \\  /    A nd           | Website:  www.openfoam.com                      |
|    \\/     M anipulation  |                                                 |
\*---------------------------------------------------------------------------*/
FoamFile
{
    version     2.0;
    format      ascii;
    class       vectorField;
    location    "constant/polyMesh";
    object      points;
}
// * * * * * * * * * * * * * * * * * * * * * * * * * * * * * * * * * * * * * //


1722
(
(0 0 0)
(0.009950310655 0 0)
(0.01909246912 0 0)
(0.02749211255 0 0)
(0.0352095471 0 0)
(0.04230018095 0 0)
(0.04881492211 0 0)
(0.05480054388 0 0)
(0.06030002069 0 0)
(0.06535283665 0 0)
(0.06999526901 0 0)
(0.07426064864 0 0)
(0.0781795993 0 0)
(0.08178025753 0 0)
(0.08508847465 0 0)
(0.08812800238 0 0)
(0.09092066335 0 0)
(0.09348650778 0 0)
(0.09584395743 0 0)
(0.09800993787 0 0)
(0.1 0 0)
(0 0.005 0)
(0.009950310655 0.005 0)
(0.01909246912 0.005 0)
(0.02749211255 0.005 0)
(0.0352095471 0.005 0)
(0.04230018095 0.005 0)
(0.04881492211 0.005 0)
(0.05480054388 0.005 0)
(0.06030002069 0.005 0)
(0.06535283665 0.005 0)
(0.06999526901 0.005 0)
(0.07426064864 0.005 0)
(0.0781795993 0.005 0)
(0.08178025753 0.005 0)
(0.08508847465 0.005 0)
(0.08812800238 0.005 0)
(0.09092066335 0.005 0)
(0.09348650778 0.005 0)
(0.09584395743 0.005 0)
(0.09800993787 0.005 0)
(0.1 0.005 0)
(0 0.01 0)
(0.009950310655 0.01 0)
(0.01909246912 0.01 0)
(0.02749211255 0.01 0)
(0.0352095471 0.01 0)
(0.04230018095 0.01 0)
(0.04881492211 0.01 0)
(0.05480054388 0.01 0)
(0.06030002069 0.01 0)
(0.06535283665 0.01 0)
(0.06999526901 0.01 0)
(0.07426064864 0.01 0)
(0.0781795993 0.01 0)
(0.08178025753 0.01 0)
(0.08508847465 0.01 0)
(0.08812800238 0.01 0)
(0.09092066335 0.01 0)
(0.09348650778 0.01 0)
(0.09584395743 0.01 0)
(0.09800993787 0.01 0)
(0.1 0.01 0)
(0 0.015 0)
(0.009950310655 0.015 0)
(0.01909246912 0.015 0)
(0.02749211255 0.015 0)
(0.0352095471 0.015 0)
(0.04230018095 0.015 0)
(0.04881492211 0.015 0)
(0.05480054388 0.015 0)
(0.06030002069 0.015 0)
(0.06535283665 0.015 0)
(0.06999526901 0.015 0)
(0.07426064864 0.015 0)
(0.0781795993 0.015 0)
(0.08178025753 0.015 0)
(0.08508847465 0.015 0)
(0.08812800238 0.015 0)
(0.09092066335 0.015 0)
(0.09348650778 0.015 0)
(0.09584395743 0.015 0)
(0.09800993787 0.015 0)
(0.1 0.015 0)
(0 0.02 0)
(0.009950310655 0.02 0)
(0.01909246912 0.02 0)
(0.02749211255 0.02 0)
(0.0352095471 0.02 0)
(0.04230018095 0.02 0)
(0.04881492211 0.02 0)
(0.05480054388 0.02 0)
(0.06030002069 0.02 0)
(0.06535283665 0.02 0)
(0.06999526901 0.02 0)
(0.07426064864 0.02 0)
(0.0781795993 0.02 0)
(0.08178025753 0.02 0)
(0.08508847465 0.02 0)
(0.08812800238 0.02 0)
(0.09092066335 0.02 0)
(0.09348650778 0.02 0)
(0.09584395743 0.02 0)
(0.09800993787 0.02 0)
(0.1 0.02 0)
(0 0.025 0)
(0.009950310655 0.025 0)
(0.01909246912 0.025 0)
(0.02749211255 0.025 0)
(0.0352095471 0.025 0)
(0.04230018095 0.025 0)
(0.04881492211 0.025 0)
(0.05480054388 0.025 0)
(0.06030002069 0.025 0)
(0.06535283665 0.025 0)
(0.06999526901 0.025 0)
(0.07426064864 0.025 0)
(0.0781795993 0.025 0)
(0.08178025753 0.025 0)
(0.08508847465 0.025 0)
(0.08812800238 0.025 0)
(0.09092066335 0.025 0)
(0.09348650778 0.025 0)
(0.09584395743 0.025 0)
(0.09800993787 0.025 0)
(0.1 0.025 0)
(0 0.03 0)
(0.009950310655 0.03 0)
(0.01909246912 0.03 0)
(0.02749211255 0.03 0)
(0.0352095471 0.03 0)
(0.04230018095 0.03 0)
(0.04881492211 0.03 0)
(0.05480054388 0.03 0)
(0.06030002069 0.03 0)
(0.06535283665 0.03 0)
(0.06999526901 0.03 0)
(0.07426064864 0.03 0)
(0.0781795993 0.03 0)
(0.08178025753 0.03 0)
(0.08508847465 0.03 0)
(0.08812800238 0.03 0)
(0.09092066335 0.03 0)
(0.09348650778 0.03 0)
(0.09584395743 0.03 0)
(0.09800993787 0.03 0)
(0.1 0.03 0)
(0 0.035 0)
(0.009950310655 0.035 0)
(0.01909246912 0.035 0)
(0.02749211255 0.035 0)
(0.0352095471 0.035 0)
(0.04230018095 0.035 0)
(0.04881492211 0.035 0)
(0.05480054388 0.035 0)
(0.06030002069 0.035 0)
(0.06535283665 0.035 0)
(0.06999526901 0.035 0)
(0.07426064864 0.035 0)
(0.0781795993 0.035 0)
(0.08178025753 0.035 0)
(0.08508847465 0.035 0)
(0.08812800238 0.035 0)
(0.09092066335 0.035 0)
(0.09348650778 0.035 0)
(0.09584395743 0.035 0)
(0.09800993787 0.035 0)
(0.1 0.035 0)
(0 0.04 0)
(0.009950310655 0.04 0)
(0.01909246912 0.04 0)
(0.02749211255 0.04 0)
(0.0352095471 0.04 0)
(0.04230018095 0.04 0)
(0.04881492211 0.04 0)
(0.05480054388 0.04 0)
(0.06030002069 0.04 0)
(0.06535283665 0.04 0)
(0.06999526901 0.04 0)
(0.07426064864 0.04 0)
(0.0781795993 0.04 0)
(0.08178025753 0.04 0)
(0.08508847465 0.04 0)
(0.08812800238 0.04 0)
(0.09092066335 0.04 0)
(0.09348650778 0.04 0)
(0.09584395743 0.04 0)
(0.09800993787 0.04 0)
(0.1 0.04 0)
(0 0.045 0)
(0.009950310655 0.045 0)
(0.01909246912 0.045 0)
(0.02749211255 0.045 0)
(0.0352095471 0.045 0)
(0.04230018095 0.045 0)
(0.04881492211 0.045 0)
(0.05480054388 0.045 0)
(0.06030002069 0.045 0)
(0.06535283665 0.045 0)
(0.06999526901 0.045 0)
(0.07426064864 0.045 0)
(0.0781795993 0.045 0)
(0.08178025753 0.045 0)
(0.08508847465 0.045 0)
(0.08812800238 0.045 0)
(0.09092066335 0.045 0)
(0.09348650778 0.045 0)
(0.09584395743 0.045 0)
(0.09800993787 0.045 0)
(0.1 0.045 0)
(0 0.05 0)
(0.009950310655 0.05 0)
(0.01909246912 0.05 0)
(0.02749211255 0.05 0)
(0.0352095471 0.05 0)
(0.04230018095 0.05 0)
(0.04881492211 0.05 0)
(0.05480054388 0.05 0)
(0.06030002069 0.05 0)
(0.06535283665 0.05 0)
(0.06999526901 0.05 0)
(0.07426064864 0.05 0)
(0.0781795993 0.05 0)
(0.08178025753 0.05 0)
(0.08508847465 0.05 0)
(0.08812800238 0.05 0)
(0.09092066335 0.05 0)
(0.09348650778 0.05 0)
(0.09584395743 0.05 0)
(0.09800993787 0.05 0)
(0.1 0.05 0)
(0 0.055 0)
(0.009950310655 0.055 0)
(0.01909246912 0.055 0)
(0.02749211255 0.055 0)
(0.0352095471 0.055 0)
(0.04230018095 0.055 0)
(0.04881492211 0.055 0)
(0.05480054388 0.055 0)
(0.06030002069 0.055 0)
(0.06535283665 0.055 0)
(0.06999526901 0.055 0)
(0.07426064864 0.055 0)
(0.0781795993 0.055 0)
(0.08178025753 0.055 0)
(0.08508847465 0.055 0)
(0.08812800238 0.055 0)
(0.09092066335 0.055 0)
(0.09348650778 0.055 0)
(0.09584395743 0.055 0)
(0.09800993787 0.055 0)
(0.1 0.055 0)
(0 0.06 0)
(0.009950310655 0.06 0)
(0.01909246912 0.06 0)
(0.02749211255 0.06 0)
(0.0352095471 0.06 0)
(0.04230018095 0.06 0)
(0.04881492211 0.06 0)
(0.05480054388 0.06 0)
(0.06030002069 0.06 0)
(0.06535283665 0.06 0)
(0.06999526901 0.06 0)
(0.07426064864 0.06 0)
(0.0781795993 0.06 0)
(0.08178025753 0.06 0)
(0.08508847465 0.06 0)
(0.08812800238 0.06 0)
(0.09092066335 0.06 0)
(0.09348650778 0.06 0)
(0.09584395743 0.06 0)
(0.09800993787 0.06 0)
(0.1 0.06 0)
(0 0.065 0)
(0.009950310655 0.065 0)
(0.01909246912 0.065 0)
(0.02749211255 0.065 0)
(0.0352095471 0.065 0)
(0.04230018095 0.065 0)
(0.04881492211 0.065 0)
(0.05480054388 0.065 0)
(0.06030002069 0.065 0)
(0.06535283665 0.065 0)
(0.06999526901 0.065 0)
(0.07426064864 0.065 0)
(0.0781795993 0.065 0)
(0.08178025753 0.065 0)
(0.08508847465 0.065 0)
(0.08812800238 0.065 0)
(0.09092066335 0.065 0)
(0.09348650778 0.065 0)
(0.09584395743 0.065 0)
(0.09800993787 0.065 0)
(0.1 0.065 0)
(0 0.07 0)
(0.009950310655 0.07 0)
(0.01909246912 0.07 0)
(0.02749211255 0.07 0)
(0.0352095471 0.07 0)
(0.04230018095 0.07 0)
(0.04881492211 0.07 0)
(0.05480054388 0.07 0)
(0.06030002069 0.07 0)
(0.06535283665 0.07 0)
(0.06999526901 0.07 0)
(0.07426064864 0.07 0)
(0.0781795993 0.07 0)
(0.08178025753 0.07 0)
(0.08508847465 0.07 0)
(0.08812800238 0.07 0)
(0.09092066335 0.07 0)
(0.09348650778 0.07 0)
(0.09584395743 0.07 0)
(0.09800993787 0.07 0)
(0.1 0.07 0)
(0 0.075 0)
(0.009950310655 0.075 0)
(0.01909246912 0.075 0)
(0.02749211255 0.075 0)
(0.0352095471 0.075 0)
(0.04230018095 0.075 0)
(0.04881492211 0.075 0)
(0.05480054388 0.075 0)
(0.06030002069 0.075 0)
(0.06535283665 0.075 0)
(0.06999526901 0.075 0)
(0.07426064864 0.075 0)
(0.0781795993 0.075 0)
(0.08178025753 0.075 0)
(0.08508847465 0.075 0)
(0.08812800238 0.075 0)
(0.09092066335 0.075 0)
(0.09348650778 0.075 0)
(0.09584395743 0.075 0)
(0.09800993787 0.075 0)
(0.1 0.075 0)
(0 0.08 0)
(0.009950310655 0.08 0)
(0.01909246912 0.08 0)
(0.02749211255 0.08 0)
(0.0352095471 0.08 0)
(0.04230018095 0.08 0)
(0.04881492211 0.08 0)
(0.05480054388 0.08 0)
(0.06030002069 0.08 0)
(0.06535283665 0.08 0)
(0.06999526901 0.08 0)
(0.07426064864 0.08 0)
(0.0781795993 0.08 0)
(0.08178025753 0.08 0)
(0.08508847465 0.08 0)
(0.08812800238 0.08 0)
(0.09092066335 0.08 0)
(0.09348650778 0.08 0)
(0.09584395743 0.08 0)
(0.09800993787 0.08 0)
(0.1 0.08 0)
(0 0.085 0)
(0.009950310655 0.085 0)
(0.01909246912 0.085 0)
(0.02749211255 0.085 0)
(0.0352095471 0.085 0)
(0.04230018095 0.085 0)
(0.04881492211 0.085 0)
(0.05480054388 0.085 0)
(0.06030002069 0.085 0)
(0.06535283665 0.085 0)
(0.06999526901 0.085 0)
(0.07426064864 0.085 0)
(0.0781795993 0.085 0)
(0.08178025753 0.085 0)
(0.08508847465 0.085 0)
(0.08812800238 0.085 0)
(0.09092066335 0.085 0)
(0.09348650778 0.085 0)
(0.09584395743 0.085 0)
(0.09800993787 0.085 0)
(0.1 0.085 0)
(0 0.09 0)
(0.009950310655 0.09 0)
(0.01909246912 0.09 0)
(0.02749211255 0.09 0)
(0.0352095471 0.09 0)
(0.04230018095 0.09 0)
(0.04881492211 0.09 0)
(0.05480054388 0.09 0)
(0.06030002069 0.09 0)
(0.06535283665 0.09 0)
(0.06999526901 0.09 0)
(0.07426064864 0.09 0)
(0.0781795993 0.09 0)
(0.08178025753 0.09 0)
(0.08508847465 0.09 0)
(0.08812800238 0.09 0)
(0.09092066335 0.09 0)
(0.09348650778 0.09 0)
(0.09584395743 0.09 0)
(0.09800993787 0.09 0)
(0.1 0.09 0)
(0 0.095 0)
(0.009950310655 0.095 0)
(0.01909246912 0.095 0)
(0.02749211255 0.095 0)
(0.0352095471 0.095 0)
(0.04230018095 0.095 0)
(0.04881492211 0.095 0)
(0.05480054388 0.095 0)
(0.06030002069 0.095 0)
(0.06535283665 0.095 0)
(0.06999526901 0.095 0)
(0.07426064864 0.095 0)
(0.0781795993 0.095 0)
(0.08178025753 0.095 0)
(0.08508847465 0.095 0)
(0.08812800238 0.095 0)
(0.09092066335 0.095 0)
(0.09348650778 0.095 0)
(0.09584395743 0.095 0)
(0.09800993787 0.095 0)
(0.1 0.095 0)
(0 0.1 0)
(0.009950310655 0.1 0)
(0.01909246912 0.1 0)
(0.02749211255 0.1 0)
(0.0352095471 0.1 0)
(0.04230018095 0.1 0)
(0.04881492211 0.1 0)
(0.05480054388 0.1 0)
(0.06030002069 0.1 0)
(0.06535283665 0.1 0)
(0.06999526901 0.1 0)
(0.07426064864 0.1 0)
(0.0781795993 0.1 0)
(0.08178025753 0.1 0)
(0.08508847465 0.1 0)
(0.08812800238 0.1 0)
(0.09092066335 0.1 0)
(0.09348650778 0.1 0)
(0.09584395743 0.1 0)
(0.09800993787 0.1 0)
(0.1 0.1 0)
(0 0 0.01)
(0.009950310655 0 0.01)
(0.01909246912 0 0.01)
(0.02749211255 0 0.01)
(0.0352095471 0 0.01)
(0.04230018095 0 0.01)
(0.04881492211 0 0.01)
(0.05480054388 0 0.01)
(0.06030002069 0 0.01)
(0.06535283665 0 0.01)
(0.06999526901 0 0.01)
(0.07426064864 0 0.01)
(0.0781795993 0 0.01)
(0.08178025753 0 0.01)
(0.08508847465 0 0.01)
(0.08812800238 0 0.01)
(0.09092066335 0 0.01)
(0.09348650778 0 0.01)
(0.09584395743 0 0.01)
(0.09800993787 0 0.01)
(0.1 0 0.01)
(0 0.005 0.01)
(0.009950310655 0.005 0.01)
(0.01909246912 0.005 0.01)
(0.02749211255 0.005 0.01)
(0.0352095471 0.005 0.01)
(0.04230018095 0.005 0.01)
(0.04881492211 0.005 0.01)
(0.05480054388 0.005 0.01)
(0.06030002069 0.005 0.01)
(0.06535283665 0.005 0.01)
(0.06999526901 0.005 0.01)
(0.07426064864 0.005 0.01)
(0.0781795993 0.005 0.01)
(0.08178025753 0.005 0.01)
(0.08508847465 0.005 0.01)
(0.08812800238 0.005 0.01)
(0.09092066335 0.005 0.01)
(0.09348650778 0.005 0.01)
(0.09584395743 0.005 0.01)
(0.09800993787 0.005 0.01)
(0.1 0.005 0.01)
(0 0.01 0.01)
(0.009950310655 0.01 0.01)
(0.01909246912 0.01 0.01)
(0.02749211255 0.01 0.01)
(0.0352095471 0.01 0.01)
(0.04230018095 0.01 0.01)
(0.04881492211 0.01 0.01)
(0.05480054388 0.01 0.01)
(0.06030002069 0.01 0.01)
(0.06535283665 0.01 0.01)
(0.06999526901 0.01 0.01)
(0.07426064864 0.01 0.01)
(0.0781795993 0.01 0.01)
(0.08178025753 0.01 0.01)
(0.08508847465 0.01 0.01)
(0.08812800238 0.01 0.01)
(0.09092066335 0.01 0.01)
(0.09348650778 0.01 0.01)
(0.09584395743 0.01 0.01)
(0.09800993787 0.01 0.01)
(0.1 0.01 0.01)
(0 0.015 0.01)
(0.009950310655 0.015 0.01)
(0.01909246912 0.015 0.01)
(0.02749211255 0.015 0.01)
(0.0352095471 0.015 0.01)
(0.04230018095 0.015 0.01)
(0.04881492211 0.015 0.01)
(0.05480054388 0.015 0.01)
(0.06030002069 0.015 0.01)
(0.06535283665 0.015 0.01)
(0.06999526901 0.015 0.01)
(0.07426064864 0.015 0.01)
(0.0781795993 0.015 0.01)
(0.08178025753 0.015 0.01)
(0.08508847465 0.015 0.01)
(0.08812800238 0.015 0.01)
(0.09092066335 0.015 0.01)
(0.09348650778 0.015 0.01)
(0.09584395743 0.015 0.01)
(0.09800993787 0.015 0.01)
(0.1 0.015 0.01)
(0 0.02 0.01)
(0.009950310655 0.02 0.01)
(0.01909246912 0.02 0.01)
(0.02749211255 0.02 0.01)
(0.0352095471 0.02 0.01)
(0.04230018095 0.02 0.01)
(0.04881492211 0.02 0.01)
(0.05480054388 0.02 0.01)
(0.06030002069 0.02 0.01)
(0.06535283665 0.02 0.01)
(0.06999526901 0.02 0.01)
(0.07426064864 0.02 0.01)
(0.0781795993 0.02 0.01)
(0.08178025753 0.02 0.01)
(0.08508847465 0.02 0.01)
(0.08812800238 0.02 0.01)
(0.09092066335 0.02 0.01)
(0.09348650778 0.02 0.01)
(0.09584395743 0.02 0.01)
(0.09800993787 0.02 0.01)
(0.1 0.02 0.01)
(0 0.025 0.01)
(0.009950310655 0.025 0.01)
(0.01909246912 0.025 0.01)
(0.02749211255 0.025 0.01)
(0.0352095471 0.025 0.01)
(0.04230018095 0.025 0.01)
(0.04881492211 0.025 0.01)
(0.05480054388 0.025 0.01)
(0.06030002069 0.025 0.01)
(0.06535283665 0.025 0.01)
(0.06999526901 0.025 0.01)
(0.07426064864 0.025 0.01)
(0.0781795993 0.025 0.01)
(0.08178025753 0.025 0.01)
(0.08508847465 0.025 0.01)
(0.08812800238 0.025 0.01)
(0.09092066335 0.025 0.01)
(0.09348650778 0.025 0.01)
(0.09584395743 0.025 0.01)
(0.09800993787 0.025 0.01)
(0.1 0.025 0.01)
(0 0.03 0.01)
(0.009950310655 0.03 0.01)
(0.01909246912 0.03 0.01)
(0.02749211255 0.03 0.01)
(0.0352095471 0.03 0.01)
(0.04230018095 0.03 0.01)
(0.04881492211 0.03 0.01)
(0.05480054388 0.03 0.01)
(0.06030002069 0.03 0.01)
(0.06535283665 0.03 0.01)
(0.06999526901 0.03 0.01)
(0.07426064864 0.03 0.01)
(0.0781795993 0.03 0.01)
(0.08178025753 0.03 0.01)
(0.08508847465 0.03 0.01)
(0.08812800238 0.03 0.01)
(0.09092066335 0.03 0.01)
(0.09348650778 0.03 0.01)
(0.09584395743 0.03 0.01)
(0.09800993787 0.03 0.01)
(0.1 0.03 0.01)
(0 0.035 0.01)
(0.009950310655 0.035 0.01)
(0.01909246912 0.035 0.01)
(0.02749211255 0.035 0.01)
(0.0352095471 0.035 0.01)
(0.04230018095 0.035 0.01)
(0.04881492211 0.035 0.01)
(0.05480054388 0.035 0.01)
(0.06030002069 0.035 0.01)
(0.06535283665 0.035 0.01)
(0.06999526901 0.035 0.01)
(0.07426064864 0.035 0.01)
(0.0781795993 0.035 0.01)
(0.08178025753 0.035 0.01)
(0.08508847465 0.035 0.01)
(0.08812800238 0.035 0.01)
(0.09092066335 0.035 0.01)
(0.09348650778 0.035 0.01)
(0.09584395743 0.035 0.01)
(0.09800993787 0.035 0.01)
(0.1 0.035 0.01)
(0 0.04 0.01)
(0.009950310655 0.04 0.01)
(0.01909246912 0.04 0.01)
(0.02749211255 0.04 0.01)
(0.0352095471 0.04 0.01)
(0.04230018095 0.04 0.01)
(0.04881492211 0.04 0.01)
(0.05480054388 0.04 0.01)
(0.06030002069 0.04 0.01)
(0.06535283665 0.04 0.01)
(0.06999526901 0.04 0.01)
(0.07426064864 0.04 0.01)
(0.0781795993 0.04 0.01)
(0.08178025753 0.04 0.01)
(0.08508847465 0.04 0.01)
(0.08812800238 0.04 0.01)
(0.09092066335 0.04 0.01)
(0.09348650778 0.04 0.01)
(0.09584395743 0.04 0.01)
(0.09800993787 0.04 0.01)
(0.1 0.04 0.01)
(0 0.045 0.01)
(0.009950310655 0.045 0.01)
(0.01909246912 0.045 0.01)
(0.02749211255 0.045 0.01)
(0.0352095471 0.045 0.01)
(0.04230018095 0.045 0.01)
(0.04881492211 0.045 0.01)
(0.05480054388 0.045 0.01)
(0.06030002069 0.045 0.01)
(0.06535283665 0.045 0.01)
(0.06999526901 0.045 0.01)
(0.07426064864 0.045 0.01)
(0.0781795993 0.045 0.01)
(0.08178025753 0.045 0.01)
(0.08508847465 0.045 0.01)
(0.08812800238 0.045 0.01)
(0.09092066335 0.045 0.01)
(0.09348650778 0.045 0.01)
(0.09584395743 0.045 0.01)
(0.09800993787 0.045 0.01)
(0.1 0.045 0.01)
(0 0.05 0.01)
(0.009950310655 0.05 0.01)
(0.01909246912 0.05 0.01)
(0.02749211255 0.05 0.01)
(0.0352095471 0.05 0.01)
(0.04230018095 0.05 0.01)
(0.04881492211 0.05 0.01)
(0.05480054388 0.05 0.01)
(0.06030002069 0.05 0.01)
(0.06535283665 0.05 0.01)
(0.06999526901 0.05 0.01)
(0.07426064864 0.05 0.01)
(0.0781795993 0.05 0.01)
(0.08178025753 0.05 0.01)
(0.08508847465 0.05 0.01)
(0.08812800238 0.05 0.01)
(0.09092066335 0.05 0.01)
(0.09348650778 0.05 0.01)
(0.09584395743 0.05 0.01)
(0.09800993787 0.05 0.01)
(0.1 0.05 0.01)
(0 0.055 0.01)
(0.009950310655 0.055 0.01)
(0.01909246912 0.055 0.01)
(0.02749211255 0.055 0.01)
(0.0352095471 0.055 0.01)
(0.04230018095 0.055 0.01)
(0.04881492211 0.055 0.01)
(0.05480054388 0.055 0.01)
(0.06030002069 0.055 0.01)
(0.06535283665 0.055 0.01)
(0.06999526901 0.055 0.01)
(0.07426064864 0.055 0.01)
(0.0781795993 0.055 0.01)
(0.08178025753 0.055 0.01)
(0.08508847465 0.055 0.01)
(0.08812800238 0.055 0.01)
(0.09092066335 0.055 0.01)
(0.09348650778 0.055 0.01)
(0.09584395743 0.055 0.01)
(0.09800993787 0.055 0.01)
(0.1 0.055 0.01)
(0 0.06 0.01)
(0.009950310655 0.06 0.01)
(0.01909246912 0.06 0.01)
(0.02749211255 0.06 0.01)
(0.0352095471 0.06 0.01)
(0.04230018095 0.06 0.01)
(0.04881492211 0.06 0.01)
(0.05480054388 0.06 0.01)
(0.06030002069 0.06 0.01)
(0.06535283665 0.06 0.01)
(0.06999526901 0.06 0.01)
(0.07426064864 0.06 0.01)
(0.0781795993 0.06 0.01)
(0.08178025753 0.06 0.01)
(0.08508847465 0.06 0.01)
(0.08812800238 0.06 0.01)
(0.09092066335 0.06 0.01)
(0.09348650778 0.06 0.01)
(0.09584395743 0.06 0.01)
(0.09800993787 0.06 0.01)
(0.1 0.06 0.01)
(0 0.065 0.01)
(0.009950310655 0.065 0.01)
(0.01909246912 0.065 0.01)
(0.02749211255 0.065 0.01)
(0.0352095471 0.065 0.01)
(0.04230018095 0.065 0.01)
(0.04881492211 0.065 0.01)
(0.05480054388 0.065 0.01)
(0.06030002069 0.065 0.01)
(0.06535283665 0.065 0.01)
(0.06999526901 0.065 0.01)
(0.07426064864 0.065 0.01)
(0.0781795993 0.065 0.01)
(0.08178025753 0.065 0.01)
(0.08508847465 0.065 0.01)
(0.08812800238 0.065 0.01)
(0.09092066335 0.065 0.01)
(0.09348650778 0.065 0.01)
(0.09584395743 0.065 0.01)
(0.09800993787 0.065 0.01)
(0.1 0.065 0.01)
(0 0.07 0.01)
(0.009950310655 0.07 0.01)
(0.01909246912 0.07 0.01)
(0.02749211255 0.07 0.01)
(0.0352095471 0.07 0.01)
(0.04230018095 0.07 0.01)
(0.04881492211 0.07 0.01)
(0.05480054388 0.07 0.01)
(0.06030002069 0.07 0.01)
(0.06535283665 0.07 0.01)
(0.06999526901 0.07 0.01)
(0.07426064864 0.07 0.01)
(0.0781795993 0.07 0.01)
(0.08178025753 0.07 0.01)
(0.08508847465 0.07 0.01)
(0.08812800238 0.07 0.01)
(0.09092066335 0.07 0.01)
(0.09348650778 0.07 0.01)
(0.09584395743 0.07 0.01)
(0.09800993787 0.07 0.01)
(0.1 0.07 0.01)
(0 0.075 0.01)
(0.009950310655 0.075 0.01)
(0.01909246912 0.075 0.01)
(0.02749211255 0.075 0.01)
(0.0352095471 0.075 0.01)
(0.04230018095 0.075 0.01)
(0.04881492211 0.075 0.01)
(0.05480054388 0.075 0.01)
(0.06030002069 0.075 0.01)
(0.06535283665 0.075 0.01)
(0.06999526901 0.075 0.01)
(0.07426064864 0.075 0.01)
(0.0781795993 0.075 0.01)
(0.08178025753 0.075 0.01)
(0.08508847465 0.075 0.01)
(0.08812800238 0.075 0.01)
(0.09092066335 0.075 0.01)
(0.09348650778 0.075 0.01)
(0.09584395743 0.075 0.01)
(0.09800993787 0.075 0.01)
(0.1 0.075 0.01)
(0 0.08 0.01)
(0.009950310655 0.08 0.01)
(0.01909246912 0.08 0.01)
(0.02749211255 0.08 0.01)
(0.0352095471 0.08 0.01)
(0.04230018095 0.08 0.01)
(0.04881492211 0.08 0.01)
(0.05480054388 0.08 0.01)
(0.06030002069 0.08 0.01)
(0.06535283665 0.08 0.01)
(0.06999526901 0.08 0.01)
(0.07426064864 0.08 0.01)
(0.0781795993 0.08 0.01)
(0.08178025753 0.08 0.01)
(0.08508847465 0.08 0.01)
(0.08812800238 0.08 0.01)
(0.09092066335 0.08 0.01)
(0.09348650778 0.08 0.01)
(0.09584395743 0.08 0.01)
(0.09800993787 0.08 0.01)
(0.1 0.08 0.01)
(0 0.085 0.01)
(0.009950310655 0.085 0.01)
(0.01909246912 0.085 0.01)
(0.02749211255 0.085 0.01)
(0.0352095471 0.085 0.01)
(0.04230018095 0.085 0.01)
(0.04881492211 0.085 0.01)
(0.05480054388 0.085 0.01)
(0.06030002069 0.085 0.01)
(0.06535283665 0.085 0.01)
(0.06999526901 0.085 0.01)
(0.07426064864 0.085 0.01)
(0.0781795993 0.085 0.01)
(0.08178025753 0.085 0.01)
(0.08508847465 0.085 0.01)
(0.08812800238 0.085 0.01)
(0.09092066335 0.085 0.01)
(0.09348650778 0.085 0.01)
(0.09584395743 0.085 0.01)
(0.09800993787 0.085 0.01)
(0.1 0.085 0.01)
(0 0.09 0.01)
(0.009950310655 0.09 0.01)
(0.01909246912 0.09 0.01)
(0.02749211255 0.09 0.01)
(0.0352095471 0.09 0.01)
(0.04230018095 0.09 0.01)
(0.04881492211 0.09 0.01)
(0.05480054388 0.09 0.01)
(0.06030002069 0.09 0.01)
(0.06535283665 0.09 0.01)
(0.06999526901 0.09 0.01)
(0.07426064864 0.09 0.01)
(0.0781795993 0.09 0.01)
(0.08178025753 0.09 0.01)
(0.08508847465 0.09 0.01)
(0.08812800238 0.09 0.01)
(0.09092066335 0.09 0.01)
(0.09348650778 0.09 0.01)
(0.09584395743 0.09 0.01)
(0.09800993787 0.09 0.01)
(0.1 0.09 0.01)
(0 0.095 0.01)
(0.009950310655 0.095 0.01)
(0.01909246912 0.095 0.01)
(0.02749211255 0.095 0.01)
(0.0352095471 0.095 0.01)
(0.04230018095 0.095 0.01)
(0.04881492211 0.095 0.01)
(0.05480054388 0.095 0.01)
(0.06030002069 0.095 0.01)
(0.06535283665 0.095 0.01)
(0.06999526901 0.095 0.01)
(0.07426064864 0.095 0.01)
(0.0781795993 0.095 0.01)
(0.08178025753 0.095 0.01)
(0.08508847465 0.095 0.01)
(0.08812800238 0.095 0.01)
(0.09092066335 0.095 0.01)
(0.09348650778 0.095 0.01)
(0.09584395743 0.095 0.01)
(0.09800993787 0.095 0.01)
(0.1 0.095 0.01)
(0 0.1 0.01)
(0.009950310655 0.1 0.01)
(0.01909246912 0.1 0.01)
(0.02749211255 0.1 0.01)
(0.0352095471 0.1 0.01)
(0.04230018095 0.1 0.01)
(0.04881492211 0.1 0.01)
(0.05480054388 0.1 0.01)
(0.06030002069 0.1 0.01)
(0.06535283665 0.1 0.01)
(0.06999526901 0.1 0.01)
(0.07426064864 0.1 0.01)
(0.0781795993 0.1 0.01)
(0.08178025753 0.1 0.01)
(0.08508847465 0.1 0.01)
(0.08812800238 0.1 0.01)
(0.09092066335 0.1 0.01)
(0.09348650778 0.1 0.01)
(0.09584395743 0.1 0.01)
(0.09800993787 0.1 0.01)
(0.1 0.1 0.01)
(0.1019900621 0 0)
(0.1041560426 0 0)
(0.1065134922 0 0)
(0.1090793366 0 0)
(0.1118719976 0 0)
(0.1149115254 0 0)
(0.1182197425 0 0)
(0.1218204007 0 0)
(0.1257393514 0 0)
(0.130004731 0 0)
(0.1346471634 0 0)
(0.1396999793 0 0)
(0.1451994561 0 0)
(0.1511850779 0 0)
(0.157699819 0 0)
(0.1647904529 0 0)
(0.1725078875 0 0)
(0.1809075309 0 0)
(0.1900496893 0 0)
(0.2 0 0)
(0.1019900621 0.005 0)
(0.1041560426 0.005 0)
(0.1065134922 0.005 0)
(0.1090793366 0.005 0)
(0.1118719976 0.005 0)
(0.1149115254 0.005 0)
(0.1182197425 0.005 0)
(0.1218204007 0.005 0)
(0.1257393514 0.005 0)
(0.130004731 0.005 0)
(0.1346471634 0.005 0)
(0.1396999793 0.005 0)
(0.1451994561 0.005 0)
(0.1511850779 0.005 0)
(0.157699819 0.005 0)
(0.1647904529 0.005 0)
(0.1725078875 0.005 0)
(0.1809075309 0.005 0)
(0.1900496893 0.005 0)
(0.2 0.005 0)
(0.1019900621 0.01 0)
(0.1041560426 0.01 0)
(0.1065134922 0.01 0)
(0.1090793366 0.01 0)
(0.1118719976 0.01 0)
(0.1149115254 0.01 0)
(0.1182197425 0.01 0)
(0.1218204007 0.01 0)
(0.1257393514 0.01 0)
(0.130004731 0.01 0)
(0.1346471634 0.01 0)
(0.1396999793 0.01 0)
(0.1451994561 0.01 0)
(0.1511850779 0.01 0)
(0.157699819 0.01 0)
(0.1647904529 0.01 0)
(0.1725078875 0.01 0)
(0.1809075309 0.01 0)
(0.1900496893 0.01 0)
(0.2 0.01 0)
(0.1019900621 0.015 0)
(0.1041560426 0.015 0)
(0.1065134922 0.015 0)
(0.1090793366 0.015 0)
(0.1118719976 0.015 0)
(0.1149115254 0.015 0)
(0.1182197425 0.015 0)
(0.1218204007 0.015 0)
(0.1257393514 0.015 0)
(0.130004731 0.015 0)
(0.1346471634 0.015 0)
(0.1396999793 0.015 0)
(0.1451994561 0.015 0)
(0.1511850779 0.015 0)
(0.157699819 0.015 0)
(0.1647904529 0.015 0)
(0.1725078875 0.015 0)
(0.1809075309 0.015 0)
(0.1900496893 0.015 0)
(0.2 0.015 0)
(0.1019900621 0.02 0)
(0.1041560426 0.02 0)
(0.1065134922 0.02 0)
(0.1090793366 0.02 0)
(0.1118719976 0.02 0)
(0.1149115254 0.02 0)
(0.1182197425 0.02 0)
(0.1218204007 0.02 0)
(0.1257393514 0.02 0)
(0.130004731 0.02 0)
(0.1346471634 0.02 0)
(0.1396999793 0.02 0)
(0.1451994561 0.02 0)
(0.1511850779 0.02 0)
(0.157699819 0.02 0)
(0.1647904529 0.02 0)
(0.1725078875 0.02 0)
(0.1809075309 0.02 0)
(0.1900496893 0.02 0)
(0.2 0.02 0)
(0.1019900621 0.025 0)
(0.1041560426 0.025 0)
(0.1065134922 0.025 0)
(0.1090793366 0.025 0)
(0.1118719976 0.025 0)
(0.1149115254 0.025 0)
(0.1182197425 0.025 0)
(0.1218204007 0.025 0)
(0.1257393514 0.025 0)
(0.130004731 0.025 0)
(0.1346471634 0.025 0)
(0.1396999793 0.025 0)
(0.1451994561 0.025 0)
(0.1511850779 0.025 0)
(0.157699819 0.025 0)
(0.1647904529 0.025 0)
(0.1725078875 0.025 0)
(0.1809075309 0.025 0)
(0.1900496893 0.025 0)
(0.2 0.025 0)
(0.1019900621 0.03 0)
(0.1041560426 0.03 0)
(0.1065134922 0.03 0)
(0.1090793366 0.03 0)
(0.1118719976 0.03 0)
(0.1149115254 0.03 0)
(0.1182197425 0.03 0)
(0.1218204007 0.03 0)
(0.1257393514 0.03 0)
(0.130004731 0.03 0)
(0.1346471634 0.03 0)
(0.1396999793 0.03 0)
(0.1451994561 0.03 0)
(0.1511850779 0.03 0)
(0.157699819 0.03 0)
(0.1647904529 0.03 0)
(0.1725078875 0.03 0)
(0.1809075309 0.03 0)
(0.1900496893 0.03 0)
(0.2 0.03 0)
(0.1019900621 0.035 0)
(0.1041560426 0.035 0)
(0.1065134922 0.035 0)
(0.1090793366 0.035 0)
(0.1118719976 0.035 0)
(0.1149115254 0.035 0)
(0.1182197425 0.035 0)
(0.1218204007 0.035 0)
(0.1257393514 0.035 0)
(0.130004731 0.035 0)
(0.1346471634 0.035 0)
(0.1396999793 0.035 0)
(0.1451994561 0.035 0)
(0.1511850779 0.035 0)
(0.157699819 0.035 0)
(0.1647904529 0.035 0)
(0.1725078875 0.035 0)
(0.1809075309 0.035 0)
(0.1900496893 0.035 0)
(0.2 0.035 0)
(0.1019900621 0.04 0)
(0.1041560426 0.04 0)
(0.1065134922 0.04 0)
(0.1090793366 0.04 0)
(0.1118719976 0.04 0)
(0.1149115254 0.04 0)
(0.1182197425 0.04 0)
(0.1218204007 0.04 0)
(0.1257393514 0.04 0)
(0.130004731 0.04 0)
(0.1346471634 0.04 0)
(0.1396999793 0.04 0)
(0.1451994561 0.04 0)
(0.1511850779 0.04 0)
(0.157699819 0.04 0)
(0.1647904529 0.04 0)
(0.1725078875 0.04 0)
(0.1809075309 0.04 0)
(0.1900496893 0.04 0)
(0.2 0.04 0)
(0.1019900621 0.045 0)
(0.1041560426 0.045 0)
(0.1065134922 0.045 0)
(0.1090793366 0.045 0)
(0.1118719976 0.045 0)
(0.1149115254 0.045 0)
(0.1182197425 0.045 0)
(0.1218204007 0.045 0)
(0.1257393514 0.045 0)
(0.130004731 0.045 0)
(0.1346471634 0.045 0)
(0.1396999793 0.045 0)
(0.1451994561 0.045 0)
(0.1511850779 0.045 0)
(0.157699819 0.045 0)
(0.1647904529 0.045 0)
(0.1725078875 0.045 0)
(0.1809075309 0.045 0)
(0.1900496893 0.045 0)
(0.2 0.045 0)
(0.1019900621 0.05 0)
(0.1041560426 0.05 0)
(0.1065134922 0.05 0)
(0.1090793366 0.05 0)
(0.1118719976 0.05 0)
(0.1149115254 0.05 0)
(0.1182197425 0.05 0)
(0.1218204007 0.05 0)
(0.1257393514 0.05 0)
(0.130004731 0.05 0)
(0.1346471634 0.05 0)
(0.1396999793 0.05 0)
(0.1451994561 0.05 0)
(0.1511850779 0.05 0)
(0.157699819 0.05 0)
(0.1647904529 0.05 0)
(0.1725078875 0.05 0)
(0.1809075309 0.05 0)
(0.1900496893 0.05 0)
(0.2 0.05 0)
(0.1019900621 0.055 0)
(0.1041560426 0.055 0)
(0.1065134922 0.055 0)
(0.1090793366 0.055 0)
(0.1118719976 0.055 0)
(0.1149115254 0.055 0)
(0.1182197425 0.055 0)
(0.1218204007 0.055 0)
(0.1257393514 0.055 0)
(0.130004731 0.055 0)
(0.1346471634 0.055 0)
(0.1396999793 0.055 0)
(0.1451994561 0.055 0)
(0.1511850779 0.055 0)
(0.157699819 0.055 0)
(0.1647904529 0.055 0)
(0.1725078875 0.055 0)
(0.1809075309 0.055 0)
(0.1900496893 0.055 0)
(0.2 0.055 0)
(0.1019900621 0.06 0)
(0.1041560426 0.06 0)
(0.1065134922 0.06 0)
(0.1090793366 0.06 0)
(0.1118719976 0.06 0)
(0.1149115254 0.06 0)
(0.1182197425 0.06 0)
(0.1218204007 0.06 0)
(0.1257393514 0.06 0)
(0.130004731 0.06 0)
(0.1346471634 0.06 0)
(0.1396999793 0.06 0)
(0.1451994561 0.06 0)
(0.1511850779 0.06 0)
(0.157699819 0.06 0)
(0.1647904529 0.06 0)
(0.1725078875 0.06 0)
(0.1809075309 0.06 0)
(0.1900496893 0.06 0)
(0.2 0.06 0)
(0.1019900621 0.065 0)
(0.1041560426 0.065 0)
(0.1065134922 0.065 0)
(0.1090793366 0.065 0)
(0.1118719976 0.065 0)
(0.1149115254 0.065 0)
(0.1182197425 0.065 0)
(0.1218204007 0.065 0)
(0.1257393514 0.065 0)
(0.130004731 0.065 0)
(0.1346471634 0.065 0)
(0.1396999793 0.065 0)
(0.1451994561 0.065 0)
(0.1511850779 0.065 0)
(0.157699819 0.065 0)
(0.1647904529 0.065 0)
(0.1725078875 0.065 0)
(0.1809075309 0.065 0)
(0.1900496893 0.065 0)
(0.2 0.065 0)
(0.1019900621 0.07 0)
(0.1041560426 0.07 0)
(0.1065134922 0.07 0)
(0.1090793366 0.07 0)
(0.1118719976 0.07 0)
(0.1149115254 0.07 0)
(0.1182197425 0.07 0)
(0.1218204007 0.07 0)
(0.1257393514 0.07 0)
(0.130004731 0.07 0)
(0.1346471634 0.07 0)
(0.1396999793 0.07 0)
(0.1451994561 0.07 0)
(0.1511850779 0.07 0)
(0.157699819 0.07 0)
(0.1647904529 0.07 0)
(0.1725078875 0.07 0)
(0.1809075309 0.07 0)
(0.1900496893 0.07 0)
(0.2 0.07 0)
(0.1019900621 0.075 0)
(0.1041560426 0.075 0)
(0.1065134922 0.075 0)
(0.1090793366 0.075 0)
(0.1118719976 0.075 0)
(0.1149115254 0.075 0)
(0.1182197425 0.075 0)
(0.1218204007 0.075 0)
(0.1257393514 0.075 0)
(0.130004731 0.075 0)
(0.1346471634 0.075 0)
(0.1396999793 0.075 0)
(0.1451994561 0.075 0)
(0.1511850779 0.075 0)
(0.157699819 0.075 0)
(0.1647904529 0.075 0)
(0.1725078875 0.075 0)
(0.1809075309 0.075 0)
(0.1900496893 0.075 0)
(0.2 0.075 0)
(0.1019900621 0.08 0)
(0.1041560426 0.08 0)
(0.1065134922 0.08 0)
(0.1090793366 0.08 0)
(0.1118719976 0.08 0)
(0.1149115254 0.08 0)
(0.1182197425 0.08 0)
(0.1218204007 0.08 0)
(0.1257393514 0.08 0)
(0.130004731 0.08 0)
(0.1346471634 0.08 0)
(0.1396999793 0.08 0)
(0.1451994561 0.08 0)
(0.1511850779 0.08 0)
(0.157699819 0.08 0)
(0.1647904529 0.08 0)
(0.1725078875 0.08 0)
(0.1809075309 0.08 0)
(0.1900496893 0.08 0)
(0.2 0.08 0)
(0.1019900621 0.085 0)
(0.1041560426 0.085 0)
(0.1065134922 0.085 0)
(0.1090793366 0.085 0)
(0.1118719976 0.085 0)
(0.1149115254 0.085 0)
(0.1182197425 0.085 0)
(0.1218204007 0.085 0)
(0.1257393514 0.085 0)
(0.130004731 0.085 0)
(0.1346471634 0.085 0)
(0.1396999793 0.085 0)
(0.1451994561 0.085 0)
(0.1511850779 0.085 0)
(0.157699819 0.085 0)
(0.1647904529 0.085 0)
(0.1725078875 0.085 0)
(0.1809075309 0.085 0)
(0.1900496893 0.085 0)
(0.2 0.085 0)
(0.1019900621 0.09 0)
(0.1041560426 0.09 0)
(0.1065134922 0.09 0)
(0.1090793366 0.09 0)
(0.1118719976 0.09 0)
(0.1149115254 0.09 0)
(0.1182197425 0.09 0)
(0.1218204007 0.09 0)
(0.1257393514 0.09 0)
(0.130004731 0.09 0)
(0.1346471634 0.09 0)
(0.1396999793 0.09 0)
(0.1451994561 0.09 0)
(0.1511850779 0.09 0)
(0.157699819 0.09 0)
(0.1647904529 0.09 0)
(0.1725078875 0.09 0)
(0.1809075309 0.09 0)
(0.1900496893 0.09 0)
(0.2 0.09 0)
(0.1019900621 0.095 0)
(0.1041560426 0.095 0)
(0.1065134922 0.095 0)
(0.1090793366 0.095 0)
(0.1118719976 0.095 0)
(0.1149115254 0.095 0)
(0.1182197425 0.095 0)
(0.1218204007 0.095 0)
(0.1257393514 0.095 0)
(0.130004731 0.095 0)
(0.1346471634 0.095 0)
(0.1396999793 0.095 0)
(0.1451994561 0.095 0)
(0.1511850779 0.095 0)
(0.157699819 0.095 0)
(0.1647904529 0.095 0)
(0.1725078875 0.095 0)
(0.1809075309 0.095 0)
(0.1900496893 0.095 0)
(0.2 0.095 0)
(0.1019900621 0.1 0)
(0.1041560426 0.1 0)
(0.1065134922 0.1 0)
(0.1090793366 0.1 0)
(0.1118719976 0.1 0)
(0.1149115254 0.1 0)
(0.1182197425 0.1 0)
(0.1218204007 0.1 0)
(0.1257393514 0.1 0)
(0.130004731 0.1 0)
(0.1346471634 0.1 0)
(0.1396999793 0.1 0)
(0.1451994561 0.1 0)
(0.1511850779 0.1 0)
(0.157699819 0.1 0)
(0.1647904529 0.1 0)
(0.1725078875 0.1 0)
(0.1809075309 0.1 0)
(0.1900496893 0.1 0)
(0.2 0.1 0)
(0.1019900621 0 0.01)
(0.1041560426 0 0.01)
(0.1065134922 0 0.01)
(0.1090793366 0 0.01)
(0.1118719976 0 0.01)
(0.1149115254 0 0.01)
(0.1182197425 0 0.01)
(0.1218204007 0 0.01)
(0.1257393514 0 0.01)
(0.130004731 0 0.01)
(0.1346471634 0 0.01)
(0.1396999793 0 0.01)
(0.1451994561 0 0.01)
(0.1511850779 0 0.01)
(0.157699819 0 0.01)
(0.1647904529 0 0.01)
(0.1725078875 0 0.01)
(0.1809075309 0 0.01)
(0.1900496893 0 0.01)
(0.2 0 0.01)
(0.1019900621 0.005 0.01)
(0.1041560426 0.005 0.01)
(0.1065134922 0.005 0.01)
(0.1090793366 0.005 0.01)
(0.1118719976 0.005 0.01)
(0.1149115254 0.005 0.01)
(0.1182197425 0.005 0.01)
(0.1218204007 0.005 0.01)
(0.1257393514 0.005 0.01)
(0.130004731 0.005 0.01)
(0.1346471634 0.005 0.01)
(0.1396999793 0.005 0.01)
(0.1451994561 0.005 0.01)
(0.1511850779 0.005 0.01)
(0.157699819 0.005 0.01)
(0.1647904529 0.005 0.01)
(0.1725078875 0.005 0.01)
(0.1809075309 0.005 0.01)
(0.1900496893 0.005 0.01)
(0.2 0.005 0.01)
(0.1019900621 0.01 0.01)
(0.1041560426 0.01 0.01)
(0.1065134922 0.01 0.01)
(0.1090793366 0.01 0.01)
(0.1118719976 0.01 0.01)
(0.1149115254 0.01 0.01)
(0.1182197425 0.01 0.01)
(0.1218204007 0.01 0.01)
(0.1257393514 0.01 0.01)
(0.130004731 0.01 0.01)
(0.1346471634 0.01 0.01)
(0.1396999793 0.01 0.01)
(0.1451994561 0.01 0.01)
(0.1511850779 0.01 0.01)
(0.157699819 0.01 0.01)
(0.1647904529 0.01 0.01)
(0.1725078875 0.01 0.01)
(0.1809075309 0.01 0.01)
(0.1900496893 0.01 0.01)
(0.2 0.01 0.01)
(0.1019900621 0.015 0.01)
(0.1041560426 0.015 0.01)
(0.1065134922 0.015 0.01)
(0.1090793366 0.015 0.01)
(0.1118719976 0.015 0.01)
(0.1149115254 0.015 0.01)
(0.1182197425 0.015 0.01)
(0.1218204007 0.015 0.01)
(0.1257393514 0.015 0.01)
(0.130004731 0.015 0.01)
(0.1346471634 0.015 0.01)
(0.1396999793 0.015 0.01)
(0.1451994561 0.015 0.01)
(0.1511850779 0.015 0.01)
(0.157699819 0.015 0.01)
(0.1647904529 0.015 0.01)
(0.1725078875 0.015 0.01)
(0.1809075309 0.015 0.01)
(0.1900496893 0.015 0.01)
(0.2 0.015 0.01)
(0.1019900621 0.02 0.01)
(0.1041560426 0.02 0.01)
(0.1065134922 0.02 0.01)
(0.1090793366 0.02 0.01)
(0.1118719976 0.02 0.01)
(0.1149115254 0.02 0.01)
(0.1182197425 0.02 0.01)
(0.1218204007 0.02 0.01)
(0.1257393514 0.02 0.01)
(0.130004731 0.02 0.01)
(0.1346471634 0.02 0.01)
(0.1396999793 0.02 0.01)
(0.1451994561 0.02 0.01)
(0.1511850779 0.02 0.01)
(0.157699819 0.02 0.01)
(0.1647904529 0.02 0.01)
(0.1725078875 0.02 0.01)
(0.1809075309 0.02 0.01)
(0.1900496893 0.02 0.01)
(0.2 0.02 0.01)
(0.1019900621 0.025 0.01)
(0.1041560426 0.025 0.01)
(0.1065134922 0.025 0.01)
(0.1090793366 0.025 0.01)
(0.1118719976 0.025 0.01)
(0.1149115254 0.025 0.01)
(0.1182197425 0.025 0.01)
(0.1218204007 0.025 0.01)
(0.1257393514 0.025 0.01)
(0.130004731 0.025 0.01)
(0.1346471634 0.025 0.01)
(0.1396999793 0.025 0.01)
(0.1451994561 0.025 0.01)
(0.1511850779 0.025 0.01)
(0.157699819 0.025 0.01)
(0.1647904529 0.025 0.01)
(0.1725078875 0.025 0.01)
(0.1809075309 0.025 0.01)
(0.1900496893 0.025 0.01)
(0.2 0.025 0.01)
(0.1019900621 0.03 0.01)
(0.1041560426 0.03 0.01)
(0.1065134922 0.03 0.01)
(0.1090793366 0.03 0.01)
(0.1118719976 0.03 0.01)
(0.1149115254 0.03 0.01)
(0.1182197425 0.03 0.01)
(0.1218204007 0.03 0.01)
(0.1257393514 0.03 0.01)
(0.130004731 0.03 0.01)
(0.1346471634 0.03 0.01)
(0.1396999793 0.03 0.01)
(0.1451994561 0.03 0.01)
(0.1511850779 0.03 0.01)
(0.157699819 0.03 0.01)
(0.1647904529 0.03 0.01)
(0.1725078875 0.03 0.01)
(0.1809075309 0.03 0.01)
(0.1900496893 0.03 0.01)
(0.2 0.03 0.01)
(0.1019900621 0.035 0.01)
(0.1041560426 0.035 0.01)
(0.1065134922 0.035 0.01)
(0.1090793366 0.035 0.01)
(0.1118719976 0.035 0.01)
(0.1149115254 0.035 0.01)
(0.1182197425 0.035 0.01)
(0.1218204007 0.035 0.01)
(0.1257393514 0.035 0.01)
(0.130004731 0.035 0.01)
(0.1346471634 0.035 0.01)
(0.1396999793 0.035 0.01)
(0.1451994561 0.035 0.01)
(0.1511850779 0.035 0.01)
(0.157699819 0.035 0.01)
(0.1647904529 0.035 0.01)
(0.1725078875 0.035 0.01)
(0.1809075309 0.035 0.01)
(0.1900496893 0.035 0.01)
(0.2 0.035 0.01)
(0.1019900621 0.04 0.01)
(0.1041560426 0.04 0.01)
(0.1065134922 0.04 0.01)
(0.1090793366 0.04 0.01)
(0.1118719976 0.04 0.01)
(0.1149115254 0.04 0.01)
(0.1182197425 0.04 0.01)
(0.1218204007 0.04 0.01)
(0.1257393514 0.04 0.01)
(0.130004731 0.04 0.01)
(0.1346471634 0.04 0.01)
(0.1396999793 0.04 0.01)
(0.1451994561 0.04 0.01)
(0.1511850779 0.04 0.01)
(0.157699819 0.04 0.01)
(0.1647904529 0.04 0.01)
(0.1725078875 0.04 0.01)
(0.1809075309 0.04 0.01)
(0.1900496893 0.04 0.01)
(0.2 0.04 0.01)
(0.1019900621 0.045 0.01)
(0.1041560426 0.045 0.01)
(0.1065134922 0.045 0.01)
(0.1090793366 0.045 0.01)
(0.1118719976 0.045 0.01)
(0.1149115254 0.045 0.01)
(0.1182197425 0.045 0.01)
(0.1218204007 0.045 0.01)
(0.1257393514 0.045 0.01)
(0.130004731 0.045 0.01)
(0.1346471634 0.045 0.01)
(0.1396999793 0.045 0.01)
(0.1451994561 0.045 0.01)
(0.1511850779 0.045 0.01)
(0.157699819 0.045 0.01)
(0.1647904529 0.045 0.01)
(0.1725078875 0.045 0.01)
(0.1809075309 0.045 0.01)
(0.1900496893 0.045 0.01)
(0.2 0.045 0.01)
(0.1019900621 0.05 0.01)
(0.1041560426 0.05 0.01)
(0.1065134922 0.05 0.01)
(0.1090793366 0.05 0.01)
(0.1118719976 0.05 0.01)
(0.1149115254 0.05 0.01)
(0.1182197425 0.05 0.01)
(0.1218204007 0.05 0.01)
(0.1257393514 0.05 0.01)
(0.130004731 0.05 0.01)
(0.1346471634 0.05 0.01)
(0.1396999793 0.05 0.01)
(0.1451994561 0.05 0.01)
(0.1511850779 0.05 0.01)
(0.157699819 0.05 0.01)
(0.1647904529 0.05 0.01)
(0.1725078875 0.05 0.01)
(0.1809075309 0.05 0.01)
(0.1900496893 0.05 0.01)
(0.2 0.05 0.01)
(0.1019900621 0.055 0.01)
(0.1041560426 0.055 0.01)
(0.1065134922 0.055 0.01)
(0.1090793366 0.055 0.01)
(0.1118719976 0.055 0.01)
(0.1149115254 0.055 0.01)
(0.1182197425 0.055 0.01)
(0.1218204007 0.055 0.01)
(0.1257393514 0.055 0.01)
(0.130004731 0.055 0.01)
(0.1346471634 0.055 0.01)
(0.1396999793 0.055 0.01)
(0.1451994561 0.055 0.01)
(0.1511850779 0.055 0.01)
(0.157699819 0.055 0.01)
(0.1647904529 0.055 0.01)
(0.1725078875 0.055 0.01)
(0.1809075309 0.055 0.01)
(0.1900496893 0.055 0.01)
(0.2 0.055 0.01)
(0.1019900621 0.06 0.01)
(0.1041560426 0.06 0.01)
(0.1065134922 0.06 0.01)
(0.1090793366 0.06 0.01)
(0.1118719976 0.06 0.01)
(0.1149115254 0.06 0.01)
(0.1182197425 0.06 0.01)
(0.1218204007 0.06 0.01)
(0.1257393514 0.06 0.01)
(0.130004731 0.06 0.01)
(0.1346471634 0.06 0.01)
(0.1396999793 0.06 0.01)
(0.1451994561 0.06 0.01)
(0.1511850779 0.06 0.01)
(0.157699819 0.06 0.01)
(0.1647904529 0.06 0.01)
(0.1725078875 0.06 0.01)
(0.1809075309 0.06 0.01)
(0.1900496893 0.06 0.01)
(0.2 0.06 0.01)
(0.1019900621 0.065 0.01)
(0.1041560426 0.065 0.01)
(0.1065134922 0.065 0.01)
(0.1090793366 0.065 0.01)
(0.1118719976 0.065 0.01)
(0.1149115254 0.065 0.01)
(0.1182197425 0.065 0.01)
(0.1218204007 0.065 0.01)
(0.1257393514 0.065 0.01)
(0.130004731 0.065 0.01)
(0.1346471634 0.065 0.01)
(0.1396999793 0.065 0.01)
(0.1451994561 0.065 0.01)
(0.1511850779 0.065 0.01)
(0.157699819 0.065 0.01)
(0.1647904529 0.065 0.01)
(0.1725078875 0.065 0.01)
(0.1809075309 0.065 0.01)
(0.1900496893 0.065 0.01)
(0.2 0.065 0.01)
(0.1019900621 0.07 0.01)
(0.1041560426 0.07 0.01)
(0.1065134922 0.07 0.01)
(0.1090793366 0.07 0.01)
(0.1118719976 0.07 0.01)
(0.1149115254 0.07 0.01)
(0.1182197425 0.07 0.01)
(0.1218204007 0.07 0.01)
(0.1257393514 0.07 0.01)
(0.130004731 0.07 0.01)
(0.1346471634 0.07 0.01)
(0.1396999793 0.07 0.01)
(0.1451994561 0.07 0.01)
(0.1511850779 0.07 0.01)
(0.157699819 0.07 0.01)
(0.1647904529 0.07 0.01)
(0.1725078875 0.07 0.01)
(0.1809075309 0.07 0.01)
(0.1900496893 0.07 0.01)
(0.2 0.07 0.01)
(0.1019900621 0.075 0.01)
(0.1041560426 0.075 0.01)
(0.1065134922 0.075 0.01)
(0.1090793366 0.075 0.01)
(0.1118719976 0.075 0.01)
(0.1149115254 0.075 0.01)
(0.1182197425 0.075 0.01)
(0.1218204007 0.075 0.01)
(0.1257393514 0.075 0.01)
(0.130004731 0.075 0.01)
(0.1346471634 0.075 0.01)
(0.1396999793 0.075 0.01)
(0.1451994561 0.075 0.01)
(0.1511850779 0.075 0.01)
(0.157699819 0.075 0.01)
(0.1647904529 0.075 0.01)
(0.1725078875 0.075 0.01)
(0.1809075309 0.075 0.01)
(0.1900496893 0.075 0.01)
(0.2 0.075 0.01)
(0.1019900621 0.08 0.01)
(0.1041560426 0.08 0.01)
(0.1065134922 0.08 0.01)
(0.1090793366 0.08 0.01)
(0.1118719976 0.08 0.01)
(0.1149115254 0.08 0.01)
(0.1182197425 0.08 0.01)
(0.1218204007 0.08 0.01)
(0.1257393514 0.08 0.01)
(0.130004731 0.08 0.01)
(0.1346471634 0.08 0.01)
(0.1396999793 0.08 0.01)
(0.1451994561 0.08 0.01)
(0.1511850779 0.08 0.01)
(0.157699819 0.08 0.01)
(0.1647904529 0.08 0.01)
(0.1725078875 0.08 0.01)
(0.1809075309 0.08 0.01)
(0.1900496893 0.08 0.01)
(0.2 0.08 0.01)
(0.1019900621 0.085 0.01)
(0.1041560426 0.085 0.01)
(0.1065134922 0.085 0.01)
(0.1090793366 0.085 0.01)
(0.1118719976 0.085 0.01)
(0.1149115254 0.085 0.01)
(0.1182197425 0.085 0.01)
(0.1218204007 0.085 0.01)
(0.1257393514 0.085 0.01)
(0.130004731 0.085 0.01)
(0.1346471634 0.085 0.01)
(0.1396999793 0.085 0.01)
(0.1451994561 0.085 0.01)
(0.1511850779 0.085 0.01)
(0.157699819 0.085 0.01)
(0.1647904529 0.085 0.01)
(0.1725078875 0.085 0.01)
(0.1809075309 0.085 0.01)
(0.1900496893 0.085 0.01)
(0.2 0.085 0.01)
(0.1019900621 0.09 0.01)
(0.1041560426 0.09 0.01)
(0.1065134922 0.09 0.01)
(0.1090793366 0.09 0.01)
(0.1118719976 0.09 0.01)
(0.1149115254 0.09 0.01)
(0.1182197425 0.09 0.01)
(0.1218204007 0.09 0.01)
(0.1257393514 0.09 0.01)
(0.130004731 0.09 0.01)
(0.1346471634 0.09 0.01)
(0.1396999793 0.09 0.01)
(0.1451994561 0.09 0.01)
(0.1511850779 0.09 0.01)
(0.157699819 0.09 0.01)
(0.1647904529 0.09 0.01)
(0.1725078875 0.09 0.01)
(0.1809075309 0.09 0.01)
(0.1900496893 0.09 0.01)
(0.2 0.09 0.01)
(0.1019900621 0.095 0.01)
(0.1041560426 0.095 0.01)
(0.1065134922 0.095 0.01)
(0.1090793366 0.095 0.01)
(0.1118719976 0.095 0.01)
(0.1149115254 0.095 0.01)
(0.1182197425 0.095 0.01)
(0.1218204007 0.095 0.01)
(0.1257393514 0.095 0.01)
(0.130004731 0.095 0.01)
(0.1346471634 0.095 0.01)
(0.1396999793 0.095 0.01)
(0.1451994561 0.095 0.01)
(0.1511850779 0.095 0.01)
(0.157699819 0.095 0.01)
(0.1647904529 0.095 0.01)
(0.1725078875 0.095 0.01)
(0.1809075309 0.095 0.01)
(0.1900496893 0.095 0.01)
(0.2 0.095 0.01)
(0.1019900621 0.1 0.01)
(0.1041560426 0.1 0.01)
(0.1065134922 0.1 0.01)
(0.1090793366 0.1 0.01)
(0.1118719976 0.1 0.01)
(0.1149115254 0.1 0.01)
(0.1182197425 0.1 0.01)
(0.1218204007 0.1 0.01)
(0.1257393514 0.1 0.01)
(0.130004731 0.1 0.01)
(0.1346471634 0.1 0.01)
(0.1396999793 0.1 0.01)
(0.1451994561 0.1 0.01)
(0.1511850779 0.1 0.01)
(0.157699819 0.1 0.01)
(0.1647904529 0.1 0.01)
(0.1725078875 0.1 0.01)
(0.1809075309 0.1 0.01)
(0.1900496893 0.1 0.01)
(0.2 0.1 0.01)
)


// ************************************************************************* //
